                   --- Day 25: Four-Dimensional Adventure ---                   
                      https://adventofcode.com/2018/day/25                      
------------------------------- Example data 1/4 -------------------------------
 0,0,0,0
 3,0,0,0
 0,3,0,0
 0,0,3,0
 0,0,0,3
 0,0,0,6
 9,0,0,0
12,0,0,0
--------------------------------------------------------------------------------
answer_a: 2
answer_b: -
--------------------------------------------------------------------------------


------------------------------- Example data 2/4 -------------------------------
-1,2,2,0
0,0,2,-2
0,0,0,-2
-1,2,0,0
-2,-2,-2,2
3,0,2,-1
-1,3,2,2
-1,0,-1,0
0,2,1,-2
3,0,0,0
--------------------------------------------------------------------------------
answer_a: 4
answer_b: -
--------------------------------------------------------------------------------


------------------------------- Example data 3/4 -------------------------------
1,-1,0,1
2,0,-1,0
3,2,-1,0
0,0,3,1
0,0,-1,-1
2,3,-2,0
-2,2,0,0
2,-2,0,-1
1,-1,0,-1
3,2,0,2
--------------------------------------------------------------------------------
answer_a: 3
answer_b: -
--------------------------------------------------------------------------------


------------------------------- Example data 4/4 -------------------------------
1,-1,-1,-2
-2,-2,0,1
0,2,1,3
-2,3,-2,1
0,2,3,-2
-1,-1,1,-2
0,-2,-1,0
-2,2,3,-1
1,2,2,0
-1,-2,0,-2
--------------------------------------------------------------------------------
answer_a: 8
answer_b: -
--------------------------------------------------------------------------------


